{
    "asset": {
        "generator": "tmx:FBX2GLTF",
        "premultipliedAlpha": true,
        "profile": {
            "api": "WebGL",
            "version": "1.0.2"
        },
        "version": "1.0"
    },
    "scene": "test",
    "scenes": {
        "test": {
            "nodes": [
                "RootNode"
            ]
        }
    },
    "nodes": {
        "RootNode": {
            "name": "RootNode",
            "children": [
                "rootbone",
                "body",
                "Camera001",
                "Camera001_Target"
            ]
        },
        "rootbone": {
            "name": "rootbone",
            "matrix": [
                0.314774751663208,
                0,
                0,
                0,
                0,
                4.191479338848825e-8,
                -0.31477475166320523,
                0,
                0,
                0.31477475166320523,
                4.191479338848825e-8,
                0,
                0,
                0,
                0,
                1
            ],
            "children": [
                "Bip001"
            ]
        },
        "Bip001": {
            "name": "Bip001",
            "matrix": [
                -4.2302653916955184e-7,
                -3.176875352853209,
                0.000006307938477034002,
                0,
                3.1766268955870838,
                -5.018451879681824e-7,
                -0.03971220198527762,
                0,
                0.039712199005868386,
                0.000006302156672867114,
                3.17662665718091,
                0,
                -0.180176824331284,
                7.26737308502197,
                60.3510360717773,
                1
            ],
            "children": [
                "Bip001_Footsteps",
                "Bip001_Pelvis"
            ],
            "jointName": "Bip001"
        },
        "Bip001_Footsteps": {
            "name": "Bip001_Footsteps",
            "matrix": [
                -1.331476340331371e-7,
                0.9999217477518215,
                0.012500398168013354,
                0,
                -0.999999880788959,
                -1.5646978168602283e-7,
                0.0000018647341613781268,
                0,
                0.0000018665446213320808,
                -0.012500399657906953,
                0.9999218669500676,
                0,
                -0.0000357627868652344,
                0.239082515239716,
                -19.1245002746582,
                1
            ]
        },
        "Bip001_Pelvis": {
            "name": "Bip001_Pelvis",
            "matrix": [
                1.1102229584507073e-16,
                -5.5511147922535364e-17,
                0.9999999403953548,
                0,
                0.9418765085059724,
                0.3359592873021948,
                5.551115123125783e-17,
                0,
                -0.3359592672774607,
                0.9418764523657575,
                1.1102229584507073e-16,
                0,
                0,
                0,
                0,
                1
            ],
            "children": [
                "Bip001_Spine"
            ],
            "jointName": "Bip001_Pelvis"
        },
        "Bip001_Spine": {
            "name": "Bip001_Spine",
            "matrix": [
                0.9919274485933184,
                -0.1255852042671595,
                0.01755827999337032,
                0,
                0.12680667526741005,
                0.982373531335515,
                -0.1373392646712871,
                0,
                -0.0000010099136800421695,
                0.13845710175913273,
                0.9903683717497014,
                0,
                2.56472969055176,
                -0.00784778594970703,
                0.00110048055648804,
                1
            ],
            "children": [
                "Bip001_Spine1",
                "Bip001_L_Thigh",
                "Bip001_R_Thigh"
            ],
            "jointName": "Bip001_Spine"
        },
        "Bip001_Spine1": {
            "name": "Bip001_Spine1",
            "matrix": [
                0.9999999999084724,
                -1.1175871074421888e-7,
                0.000013529323423229154,
                0,
                -1.1817343906913091e-7,
                0.9998555932022688,
                0.016993903086849303,
                0,
                -0.000013529270526472177,
                -0.01699390511272382,
                0.9998557123028166,
                0,
                10.0340671539307,
                -0.00798821449279785,
                -0.000135838985443115,
                1
            ],
            "children": [
                "Bip001_Neck"
            ],
            "jointName": "Bip001_Spine1"
        },
        "Bip001_Neck": {
            "name": "Bip001_Neck",
            "matrix": [
                1.00000011920929,
                0,
                -9.313225724958128e-10,
                0,
                1.0842019949922414e-18,
                1.00000011920929,
                1.164153169114846e-9,
                0,
                9.313225724958128e-10,
                -1.164153169114846e-9,
                1.00000011920929,
                0,
                9.20882987976074,
                -0.00247001647949219,
                5.96046447753906e-8,
                1
            ],
            "children": [
                "Bip001_L_Clavicle",
                "Bip001_R_Clavicle",
                "Bip001_Head"
            ]
        },
        "Bip001_L_Clavicle": {
            "name": "Bip001_L_Clavicle",
            "matrix": [
                -0.3889172023286803,
                0.00030720326489442875,
                0.9212727900994258,
                0,
                -0.0007964756739105776,
                -0.9999999212279955,
                -0.0000027786016826396076,
                0,
                0.9212724970268452,
                -0.0007348518371403847,
                0.388917323647704,
                0,
                0.622714996337891,
                0.00262546539306641,
                2.5299711227417,
                1
            ],
            "children": [
                "Bip001_L_UpperArm"
            ],
            "jointName": "Bip001_L_Clavicle"
        },
        "Bip001_L_UpperArm": {
            "name": "Bip001_L_UpperArm",
            "matrix": [
                0.9332853595887654,
                -0.3295151324943288,
                -0.1428219024702706,
                0,
                0.3591079384711967,
                0.8611733027338035,
                0.3597525704928785,
                0,
                0.0044504945829923195,
                -0.3870403783576671,
                0.9220521552696003,
                0,
                5.36752986907959,
                0,
                0,
                1
            ],
            "children": [
                "Bip001_L_Forearm"
            ],
            "jointName": "Bip001_L_UpperArm"
        },
        "Bip001_L_Forearm": {
            "name": "Bip001_L_Forearm",
            "matrix": [
                0.8006161039447377,
                -0.5991776482015572,
                0,
                0,
                0.5991776482015572,
                0.8006161039447377,
                0,
                0,
                0,
                0,
                1,
                0,
                9.23534297943115,
                9.5367431640625e-7,
                0,
                1
            ],
            "children": [
                "Bip001_L_Hand"
            ],
            "jointName": "Bip001_L_Forearm"
        },
        "Bip001_L_Hand": {
            "name": "Bip001_L_Hand",
            "matrix": [
                0.998604750680575,
                0.04805195387813931,
                -0.021898896015097397,
                0,
                -0.01971683521819249,
                -0.045423834648123766,
                -0.9987731486406474,
                0,
                -0.0489877360246672,
                0.9978114474831334,
                -0.044413027264440554,
                0,
                8.45435619354248,
                0,
                0,
                1
            ],
            "jointName": "Bip001_L_Hand"
        },
        "Bip001_R_Clavicle": {
            "name": "Bip001_R_Clavicle",
            "matrix": [
                -0.38891715192418286,
                0.00031227839852765904,
                -0.9212726802751637,
                0,
                -0.0007964316871199128,
                -0.9999998020537836,
                -0.000002748798820048411,
                0,
                -0.9212724987711127,
                0.0007326617000407268,
                0.3889173236479157,
                0,
                0.622711181640625,
                0.0026392936706543,
                -2.52997088432312,
                1
            ],
            "children": [
                "Bip001_R_UpperArm"
            ],
            "jointName": "Bip001_R_Clavicle"
        },
        "Bip001_R_UpperArm": {
            "name": "Bip001_R_UpperArm",
            "matrix": [
                0.6699132642096649,
                0.7340813358025383,
                0.11108866572709453,
                0,
                -0.7027314181748663,
                0.6752237770374996,
                -0.22414594538638044,
                0,
                -0.2395510777406189,
                0.07209285062066534,
                0.9682034404208107,
                0,
                5.36752796173096,
                4.76837158203125e-7,
                0,
                1
            ],
            "children": [
                "Bip001_R_Forearm"
            ],
            "jointName": "Bip001_R_UpperArm"
        },
        "Bip001_R_Forearm": {
            "name": "Bip001_R_Forearm",
            "matrix": [
                0.4718946444274783,
                -0.8816549464278323,
                0,
                0,
                0.8816550515292925,
                0.4718947006817038,
                0,
                0,
                0,
                0,
                1,
                0,
                9.23534488677979,
                0,
                0,
                1
            ],
            "children": [
                "Bip001_R_Hand"
            ],
            "jointName": "Bip001_R_Forearm"
        },
        "Bip001_R_Hand": {
            "name": "Bip001_R_Hand",
            "matrix": [
                0.9995514072481438,
                -7.450580300286114e-9,
                -0.029949695628758058,
                0,
                0.029949684354450862,
                0.000796284811079045,
                0.9995510307774599,
                0,
                0.00002384104475351862,
                -0.9999998021744143,
                0.0007959279689499052,
                0,
                8.45435619354248,
                -9.5367431640625e-7,
                0,
                1
            ],
            "jointName": "Bip001_R_Hand"
        },
        "Bip001_Head": {
            "name": "Bip001_Head",
            "matrix": [
                0.9919277403826497,
                0.1267868184903141,
                -0.002167702716940475,
                0,
                -0.12418564412791752,
                0.9678364578831008,
                -0.21879386418138289,
                0,
                -0.02564219011187726,
                0.21729684905759927,
                0.9757687008076787,
                0,
                5.21332168579102,
                0.373032093048096,
                2.98023223876953e-7,
                1
            ],
            "children": [
                "Bip001_HeadNub",
                "Bip001___2"
            ],
            "jointName": "Bip001_Head"
        },
        "Bip001_HeadNub": {
            "name": "Bip001_HeadNub",
            "matrix": [
                1,
                2.2737367809731997e-13,
                0,
                0,
                -2.2737367809731997e-13,
                1,
                3.055333747394782e-13,
                0,
                6.947024719600195e-26,
                -3.055333747394782e-13,
                1,
                0,
                93.0898132324219,
                0,
                0,
                1
            ]
        },
        "Bip001___2": {
            "name": "Bip001___2",
            "matrix": [
                -0.880798279582014,
                -0.4545726607052768,
                0.13250693123263182,
                0,
                0.45944026296677865,
                -0.8881809927148874,
                0.0070290371750525975,
                0,
                0.11449491594408467,
                0.06707017518595762,
                0.9911571549575183,
                0,
                29.7044868469238,
                -22.6366939544678,
                -39.735034942627,
                1
            ],
            "children": [
                "Bip001___21"
            ],
            "jointName": "Bip001___2"
        },
        "Bip001___21": {
            "name": "Bip001___21",
            "matrix": [
                0.9717547147607161,
                0.215544614999127,
                0.09609126757303045,
                0,
                -0.19502781575705214,
                0.9627503934883102,
                -0.1872851080835066,
                0,
                -0.13288018634310225,
                0.16325469729504669,
                0.9775943129331505,
                0,
                38.0735969543457,
                -0.0291786193847656,
                0.00568008422851562,
                1
            ],
            "children": [
                "Bip001___2Nub"
            ],
            "jointName": "Bip001___21"
        },
        "Bip001___2Nub": {
            "name": "Bip001___2Nub",
            "matrix": [
                0.0007962850343187138,
                0.999999623356517,
                0.0000027716159821454936,
                0,
                0.9999995637557318,
                -0.0007962849868595941,
                -1.2246464418981217e-16,
                0,
                2.2069963365525206e-9,
                0.0000027716151034462742,
                -0.9999999403915142,
                0,
                38.067699432373,
                -0.00000762939453125,
                0.0000019073486328125,
                1
            ]
        },
        "Bip001_L_Thigh": {
            "name": "Bip001_L_Thigh",
            "matrix": [
                -0.9508385491878942,
                0.0841302432589098,
                0.2980405266863149,
                0,
                -0.025879881347630897,
                0.9374402839937267,
                -0.34718321403228536,
                0,
                -0.30860380423040523,
                -0.33782843700027587,
                -0.8891770788695947,
                0,
                -2.48585891723633,
                -0.780230045318604,
                3.33780956268311,
                1
            ],
            "children": [
                "Bip001_L_Calf"
            ],
            "jointName": "Bip001_L_Thigh"
        },
        "Bip001_L_Calf": {
            "name": "Bip001_L_Calf",
            "matrix": [
                0.9999963640933986,
                -0.0026294813456181785,
                0,
                0,
                0.002629482129264827,
                0.9999966621155923,
                0,
                0,
                0,
                0,
                0.999999940395355,
                0,
                8.6385612487793,
                4.76837158203125e-7,
                9.5367431640625e-7,
                1
            ],
            "children": [
                "Bip001_L_Foot"
            ],
            "jointName": "Bip001_L_Calf"
        },
        "Bip001_L_Foot": {
            "name": "Bip001_L_Foot",
            "matrix": [
                0.9284933503321431,
                -0.0888628536753933,
                0.36056030014999146,
                0,
                0.13691821228152434,
                0.9844607818488512,
                -0.10995568624629497,
                0,
                -0.34518647835692007,
                0.15146038619937757,
                0.9262321774651769,
                0,
                8.6385612487793,
                -2.38418579101562e-7,
                -9.5367431640625e-7,
                1
            ],
            "children": [
                "Bip001_L_Toe0"
            ],
            "jointName": "Bip001_L_Foot"
        },
        "Bip001_L_Toe0": {
            "name": "Bip001_L_Toe0",
            "matrix": [
                -1.1102230246251565e-16,
                0,
                1,
                0,
                -0.9999999999985018,
                0.0000017310547033577706,
                0,
                0,
                -0.0000017310544971109908,
                -0.9999998807892118,
                -1.110222892276258e-16,
                0,
                2.90266728401184,
                6.36788749694824,
                -9.5367431640625e-7,
                1
            ],
            "children": [
                "Bip001_L_Toe0Nub"
            ]
        },
        "Bip001_L_Toe0Nub": {
            "name": "Bip001_L_Toe0Nub",
            "matrix": [
                1,
                1.2246467991473532e-16,
                -8.881784655480909e-15,
                0,
                -1.2246467991423045e-16,
                1,
                5.684341952433017e-14,
                0,
                -8.881784655480915e-15,
                5.684341952433017e-14,
                -1,
                0,
                4.33517742156982,
                1.49011611938477e-8,
                4.76837158203125e-7,
                1
            ]
        },
        "Bip001_R_Thigh": {
            "name": "Bip001_R_Thigh",
            "matrix": [
                -0.9763450907749264,
                -0.1919961684562193,
                -0.09943709075506485,
                0,
                -0.13815347529347266,
                0.9077239299562304,
                -0.3961705726928068,
                0,
                0.1663246389882847,
                -0.3730615696248237,
                -0.9127766318954922,
                0,
                -2.60420036315918,
                0.145503044128418,
                -3.33781147003174,
                1
            ],
            "children": [
                "Bip001_R_Calf"
            ],
            "jointName": "Bip001_R_Thigh"
        },
        "Bip001_R_Calf": {
            "name": "Bip001_R_Calf",
            "matrix": [
                0.8466913255481239,
                -0.5320846151319873,
                0,
                0,
                0.5320846151319873,
                0.8466913255481239,
                0,
                0,
                0,
                0,
                1,
                0,
                8.63856315612793,
                5.96046447753906e-8,
                0,
                1
            ],
            "children": [
                "Bip001_R_Foot"
            ],
            "jointName": "Bip001_R_Calf"
        },
        "Bip001_R_Foot": {
            "name": "Bip001_R_Foot",
            "matrix": [
                0.8556127896443418,
                0.5076849079404927,
                -0.10091098485831403,
                0,
                -0.4914127133038982,
                0.8579551382602802,
                0.14975448816912915,
                0,
                0.1626051818138928,
                -0.0785429098312348,
                0.9835601487263061,
                0,
                8.63856029510498,
                0.00000143051147460938,
                -4.76837158203125e-7,
                1
            ],
            "children": [
                "Bip001_R_Toe0"
            ],
            "jointName": "Bip001_R_Foot"
        },
        "Bip001_R_Toe0": {
            "name": "Bip001_R_Toe0",
            "matrix": [
                -0.05818387063619168,
                0.938392590110593,
                -0.34063761392911884,
                0,
                -0.9981395302980383,
                -0.04845174921690149,
                0.037015462618044115,
                0,
                0.01823054542310043,
                0.34215753006920613,
                0.9394657374436369,
                0,
                2.90266752243042,
                6.36788702011108,
                0,
                1
            ],
            "children": [
                "Bip001_R_Toe0Nub"
            ]
        },
        "Bip001_R_Toe0Nub": {
            "name": "Bip001_R_Toe0Nub",
            "matrix": [
                1.00000011920929,
                0,
                -1.118678458229905e-10,
                0,
                1.302312969145101e-20,
                1.00000011920929,
                1.1641532156197656e-10,
                0,
                1.1186783248730562e-10,
                -1.1641530768419038e-10,
                1,
                0,
                4.33517694473267,
                0,
                0,
                1
            ]
        },
        "body": {
            "name": "body",
            "matrix": [
                1,
                0,
                0,
                0,
                0,
                -1.7484555381308553e-7,
                -0.9999999999999848,
                0,
                0,
                0.9999999999999848,
                -1.7484555381308553e-7,
                0,
                -2.36431265676629e-8,
                -2.36431265676629e-8,
                0.540891706943512,
                1
            ],
            "skin": "skin_body",
            "meshes": [
                "mesh_Queen_B_1"
            ]
        },
        "Camera001": {
            "name": "Camera001",
            "matrix": [
                0.8141153250430848,
                -3.725290076417309e-9,
                -0.5807032267260036,
                0,
                -0.36544798756599817,
                0.7771465078229377,
                -0.5123388271081692,
                0,
                0.4512914866402361,
                0.6293197163434596,
                0.6326868804609694,
                0,
                -106.589401245117,
                -74.0718078613281,
                -141.212142944336,
                1
            ]
        },
        "Camera001_Target": {
            "name": "Camera001_Target",
            "matrix": [
                0.8141152404488464,
                -1.415610234034581e-7,
                -0.5807033453226327,
                0,
                -0.36544832838860614,
                0.7771459383224925,
                -0.5123393315152953,
                0,
                0.4512913994122292,
                0.629320437437054,
                0.6326864138411549,
                0,
                -388.195495605469,
                -466.767608642578,
                -536.009094238281,
                1
            ]
        }
    },
    "animations": {
        "animation_83": {
            "channels": [
                {
                    "sampler": "animation_83_T_sampler",
                    "target": {
                        "id": "Bip001",
                        "path": "translation"
                    }
                },
                {
                    "sampler": "animation_84_S_sampler",
                    "target": {
                        "id": "Bip001",
                        "path": "scale"
                    }
                },
                {
                    "sampler": "animation_85_R_sampler",
                    "target": {
                        "id": "Bip001",
                        "path": "rotation"
                    }
                }
            ],
            "parameters": {
                "TIME": "accessor_anim_6",
                "translation": "accessor_anim_7",
                "scale": "accessor_anim_8",
                "rotation": "accessor_anim_9"
            },
            "samplers": {
                "animation_83_T_sampler": {
                    "input": "TIME",
                    "interpolation": "LINEAR",
                    "output": "translation"
                },
                "animation_84_S_sampler": {
                    "input": "TIME",
                    "interpolation": "LINEAR",
                    "output": "scale"
                },
                "animation_85_R_sampler": {
                    "input": "TIME",
                    "interpolation": "LINEAR",
                    "output": "rotation"
                }
            },
            "name": "animation_83"
        },
        "animation_86": {
            "channels": [
                {
                    "sampler": "animation_86_T_sampler",
                    "target": {
                        "id": "Bip001_Footsteps",
                        "path": "translation"
                    }
                },
                {
                    "sampler": "animation_87_S_sampler",
                    "target": {
                        "id": "Bip001_Footsteps",
                        "path": "scale"
                    }
                },
                {
                    "sampler": "animation_88_R_sampler",
                    "target": {
                        "id": "Bip001_Footsteps",
                        "path": "rotation"
                    }
                }
            ],
            "parameters": {
                "TIME": "accessor_anim_10",
                "translation": "accessor_anim_11",
                "scale": "accessor_anim_12",
                "rotation": "accessor_anim_13"
            },
            "samplers": {
                "animation_86_T_sampler": {
                    "input": "TIME",
                    "interpolation": "LINEAR",
                    "output": "translation"
                },
                "animation_87_S_sampler": {
                    "input": "TIME",
                    "interpolation": "LINEAR",
                    "output": "scale"
                },
                "animation_88_R_sampler": {
                    "input": "TIME",
                    "interpolation": "LINEAR",
                    "output": "rotation"
                }
            },
            "name": "animation_86"
        },
        "animation_89": {
            "channels": [
                {
                    "sampler": "animation_89_T_sampler",
                    "target": {
                        "id": "Bip001_Pelvis",
                        "path": "translation"
                    }
                },
                {
                    "sampler": "animation_90_S_sampler",
                    "target": {
                        "id": "Bip001_Pelvis",
                        "path": "scale"
                    }
                },
                {
                    "sampler": "animation_91_R_sampler",
                    "target": {
                        "id": "Bip001_Pelvis",
                        "path": "rotation"
                    }
                }
            ],
            "parameters": {
                "TIME": "accessor_anim_14",
                "translation": "accessor_anim_15",
                "scale": "accessor_anim_16",
                "rotation": "accessor_anim_17"
            },
            "samplers": {
                "animation_89_T_sampler": {
                    "input": "TIME",
                    "interpolation": "LINEAR",
                    "output": "translation"
                },
                "animation_90_S_sampler": {
                    "input": "TIME",
                    "interpolation": "LINEAR",
                    "output": "scale"
                },
                "animation_91_R_sampler": {
                    "input": "TIME",
                    "interpolation": "LINEAR",
                    "output": "rotation"
                }
            },
            "name": "animation_89"
        },
        "animation_92": {
            "channels": [
                {
                    "sampler": "animation_92_T_sampler",
                    "target": {
                        "id": "Bip001_Spine",
                        "path": "translation"
                    }
                },
                {
                    "sampler": "animation_93_S_sampler",
                    "target": {
                        "id": "Bip001_Spine",
                        "path": "scale"
                    }
                },
                {
                    "sampler": "animation_94_R_sampler",
                    "target": {
                        "id": "Bip001_Spine",
                        "path": "rotation"
                    }
                }
            ],
            "parameters": {
                "TIME": "accessor_anim_18",
                "translation": "accessor_anim_19",
                "scale": "accessor_anim_20",
                "rotation": "accessor_anim_21"
            },
            "samplers": {
                "animation_92_T_sampler": {
                    "input": "TIME",
                    "interpolation": "LINEAR",
                    "output": "translation"
                },
                "animation_93_S_sampler": {
                    "input": "TIME",
                    "interpolation": "LINEAR",
                    "output": "scale"
                },
                "animation_94_R_sampler": {
                    "input": "TIME",
                    "interpolation": "LINEAR",
                    "output": "rotation"
                }
            },
            "name": "animation_92"
        },
        "animation_95": {
            "channels": [
                {
                    "sampler": "animation_95_T_sampler",
                    "target": {
                        "id": "Bip001_Spine1",
                        "path": "translation"
                    }
                },
                {
                    "sampler": "animation_96_S_sampler",
                    "target": {
                        "id": "Bip001_Spine1",
                        "path": "scale"
                    }
                },
                {
                    "sampler": "animation_97_R_sampler",
                    "target": {
                        "id": "Bip001_Spine1",
                        "path": "rotation"
                    }
                }
            ],
            "parameters": {
                "TIME": "accessor_anim_22",
                "translation": "accessor_anim_23",
                "scale": "accessor_anim_24",
                "rotation": "accessor_anim_25"
            },
            "samplers": {
                "animation_95_T_sampler": {
                    "input": "TIME",
                    "interpolation": "LINEAR",
                    "output": "translation"
                },
                "animation_96_S_sampler": {
                    "input": "TIME",
                    "interpolation": "LINEAR",
                    "output": "scale"
                },
                "animation_97_R_sampler": {
                    "input": "TIME",
                    "interpolation": "LINEAR",
                    "output": "rotation"
                }
            },
            "name": "animation_95"
        },
        "animation_98": {
            "channels": [
                {
                    "sampler": "animation_98_T_sampler",
                    "target": {
                        "id": "Bip001_Neck",
                        "path": "translation"
                    }
                },
                {
                    "sampler": "animation_99_S_sampler",
                    "target": {
                        "id": "Bip001_Neck",
                        "path": "scale"
                    }
                },
                {
                    "sampler": "animation_100_R_sampler",
                    "target": {
                        "id": "Bip001_Neck",
                        "path": "rotation"
                    }
                }
            ],
            "parameters": {
                "TIME": "accessor_anim_26",
                "translation": "accessor_anim_27",
                "scale": "accessor_anim_28",
                "rotation": "accessor_anim_29"
            },
            "samplers": {
                "animation_98_T_sampler": {
                    "input": "TIME",
                    "interpolation": "LINEAR",
                    "output": "translation"
                },
                "animation_99_S_sampler": {
                    "input": "TIME",
                    "interpolation": "LINEAR",
                    "output": "scale"
                },
                "animation_100_R_sampler": {
                    "input": "TIME",
                    "interpolation": "LINEAR",
                    "output": "rotation"
                }
            },
            "name": "animation_98"
        },
        "animation_101": {
            "channels": [
                {
                    "sampler": "animation_101_T_sampler",
                    "target": {
                        "id": "Bip001_L_Clavicle",
                        "path": "translation"
                    }
                },
                {
                    "sampler": "animation_102_S_sampler",
                    "target": {
                        "id": "Bip001_L_Clavicle",
                        "path": "scale"
                    }
                },
                {
                    "sampler": "animation_103_R_sampler",
                    "target": {
                        "id": "Bip001_L_Clavicle",
                        "path": "rotation"
                    }
                }
            ],
            "parameters": {
                "TIME": "accessor_anim_30",
                "translation": "accessor_anim_31",
                "scale": "accessor_anim_32",
                "rotation": "accessor_anim_33"
            },
            "samplers": {
                "animation_101_T_sampler": {
                    "input": "TIME",
                    "interpolation": "LINEAR",
                    "output": "translation"
                },
                "animation_102_S_sampler": {
                    "input": "TIME",
                    "interpolation": "LINEAR",
                    "output": "scale"
                },
                "animation_103_R_sampler": {
                    "input": "TIME",
                    "interpolation": "LINEAR",
                    "output": "rotation"
                }
            },
            "name": "animation_101"
        },
        "animation_104": {
            "channels": [
                {
                    "sampler": "animation_104_T_sampler",
                    "target": {
                        "id": "Bip001_L_UpperArm",
                        "path": "translation"
                    }
                },
                {
                    "sampler": "animation_105_S_sampler",
                    "target": {
                        "id": "Bip001_L_UpperArm",
                        "path": "scale"
                    }
                },
                {
                    "sampler": "animation_106_R_sampler",
                    "target": {
                        "id": "Bip001_L_UpperArm",
                        "path": "rotation"
                    }
                }
            ],
            "parameters": {
                "TIME": "accessor_anim_34",
                "translation": "accessor_anim_35",
                "scale": "accessor_anim_36",
                "rotation": "accessor_anim_37"
            },
            "samplers": {
                "animation_104_T_sampler": {
                    "input": "TIME",
                    "interpolation": "LINEAR",
                    "output": "translation"
                },
                "animation_105_S_sampler": {
                    "input": "TIME",
                    "interpolation": "LINEAR",
                    "output": "scale"
                },
                "animation_106_R_sampler": {
                    "input": "TIME",
                    "interpolation": "LINEAR",
                    "output": "rotation"
                }
            },
            "name": "animation_104"
        },
        "animation_107": {
            "channels": [
                {
                    "sampler": "animation_107_T_sampler",
                    "target": {
                        "id": "Bip001_L_Forearm",
                        "path": "translation"
                    }
                },
                {
                    "sampler": "animation_108_S_sampler",
                    "target": {
                        "id": "Bip001_L_Forearm",
                        "path": "scale"
                    }
                },
                {
                    "sampler": "animation_109_R_sampler",
                    "target": {
                        "id": "Bip001_L_Forearm",
                        "path": "rotation"
                    }
                }
            ],
            "parameters": {
                "TIME": "accessor_anim_38",
                "translation": "accessor_anim_39",
                "scale": "accessor_anim_40",
                "rotation": "accessor_anim_41"
            },
            "samplers": {
                "animation_107_T_sampler": {
                    "input": "TIME",
                    "interpolation": "LINEAR",
                    "output": "translation"
                },
                "animation_108_S_sampler": {
                    "input": "TIME",
                    "interpolation": "LINEAR",
                    "output": "scale"
                },
                "animation_109_R_sampler": {
                    "input": "TIME",
                    "interpolation": "LINEAR",
                    "output": "rotation"
                }
            },
            "name": "animation_107"
        },
        "animation_110": {
            "channels": [
                {
                    "sampler": "animation_110_T_sampler",
                    "target": {
                        "id": "Bip001_L_Hand",
                        "path": "translation"
                    }
                },
                {
                    "sampler": "animation_111_S_sampler",
                    "target": {
                        "id": "Bip001_L_Hand",
                        "path": "scale"
                    }
                },
                {
                    "sampler": "animation_112_R_sampler",
                    "target": {
                        "id": "Bip001_L_Hand",
                        "path": "rotation"
                    }
                }
            ],
            "parameters": {
                "TIME": "accessor_anim_42",
                "translation": "accessor_anim_43",
                "scale": "accessor_anim_44",
                "rotation": "accessor_anim_45"
            },
            "samplers": {
                "animation_110_T_sampler": {
                    "input": "TIME",
                    "interpolation": "LINEAR",
                    "output": "translation"
                },
                "animation_111_S_sampler": {
                    "input": "TIME",
                    "interpolation": "LINEAR",
                    "output": "scale"
                },
                "animation_112_R_sampler": {
                    "input": "TIME",
                    "interpolation": "LINEAR",
                    "output": "rotation"
                }
            },
            "name": "animation_110"
        },
        "animation_113": {
            "channels": [
                {
