{
    "asset": {
        "generator": "tmx:FBX2GLTF",
        "premultipliedAlpha": true,
        "profile": {
            "api": "WebGL",
            "version": "1.0.2"
        },
        "version": "1.0"
    },
    "scene": "test",
    "scenes": {
        "test": {
            "nodes": [
                "RootNode"
            ]
        }
    },
    "nodes": {
        "RootNode": {
            "name": "RootNode",
            "children": [
                "rootbone",
                "body"
            ]
        },
        "rootbone": {
            "name": "rootbone",
            "matrix": [
                0.314774751663208,
                0,
                0,
                0,
                0,
                4.191479338848825e-8,
                -0.31477475166320523,
                0,
                0,
                0.31477475166320523,
                4.191479338848825e-8,
                0,
                0,
                0,
                0,
                1
            ],
            "children": [
                "Bip001"
            ]
        },
        "Bip001": {
            "name": "Bip001",
            "matrix": [
                -0.8638869335996556,
                -3.0529364369513394,
                -0.16066328917380887,
                0,
                2.968868420997766,
                -0.7979436909843651,
                -0.8010247287778268,
                0,
                0.7294203682325008,
                -0.36796630865844543,
                3.0700294298266586,
                0,
                0,
                -0.217644914984703,
                79.6375579833984,
                1
            ],
            "children": [
                "Bip001_Footsteps",
                "Bip001_Pelvis"
            ]
        },
        "Bip001_Footsteps": {
            "name": "Bip001_Footsteps",
            "matrix": [
                -0.2718652772364547,
                0.9345627708916295,
                0.2295248593150842,
                0,
                -0.9610064568044806,
                -0.2511250140963124,
                -0.11577045671835717,
                0,
                -0.050555326228808845,
                -0.25204884380523784,
                0.966393046694715,
                0,
                -2.38855695724487,
                6.11780023574829,
                -18.1641712188721,
                1
            ]
        },
        "Bip001_Pelvis": {
            "name": "Bip001_Pelvis",
            "matrix": [
                -0.0022047065742093475,
                -0.12114901397137418,
                0.9926318832692638,
                0,
                0.9903583229564418,
                0.13722827289642336,
                0.018948131500566838,
                0,
                -0.13851268860885965,
                0.9831028959468742,
                0.1196783708477294,
                0,
                0,
                0,
                0,
                1
            ],
            "children": [
                "Bip001_Spine"
            ],
            "jointName": "Bip001_Pelvis"
        },
        "Bip001_Spine": {
            "name": "Bip001_Spine",
            "matrix": [
                0.9783976453054776,
                0.20530092808184008,
                0.024289098262155785,
                0,
                -0.20657595224353514,
                0.9754591834539192,
                0.07619671849455445,
                0,
                -0.008049765464513694,
                -0.07956821903339588,
                0.9967970209433363,
                0,
                2.5323600769043,
                0.0667343139648438,
                0.419612884521484,
                1
            ],
            "children": [
                "Bip001_Spine1",
                "Bip001_L_Thigh",
                "Bip001_R_Thigh"
            ],
            "jointName": "Bip001_Spine"
        },
        "Bip001_Spine1": {
            "name": "Bip001_Spine1",
            "matrix": [
                0.9854331696598654,
                0.1694229089207265,
                -0.014750745253867126,
                0,
                -0.16457377996241115,
                0.971888014595004,
                0.16837338750459863,
                0,
                0.04286236492842961,
                -0.1634930713846441,
                0.9856128716180194,
                0,
                10.0357532501221,
                -0.00766992568969727,
                -0.00147366523742676,
                1
            ],
            "children": [
                "Bip001_Neck"
            ],
            "jointName": "Bip001_Spine1"
        },
        "Bip001_Neck": {
            "name": "Bip001_Neck",
            "matrix": [
                0.9802584767636816,
                0.19772004994382247,
                5.65254588609082e-7,
                0,
                -0.19772004810240712,
                0.9802584676344761,
                -6.37955977777596e-8,
                0,
                -5.667092994106161e-7,
                -4.922599188213668e-8,
                0.9999999497084172,
                0,
                9.20968246459961,
                -0.002349853515625,
                4.76837158203125e-7,
                1
            ],
            "children": [
                "Bip001_L_Clavicle",
                "Bip001_R_Clavicle",
                "Bip001_Head"
            ]
        },
        "Bip001_L_Clavicle": {
            "name": "Bip001_L_Clavicle",
            "matrix": [
                -0.375890896712153,
                0.046881961071894206,
                0.9254773654247743,
                0,
                -0.19839448909489407,
                -0.9796331210683705,
                -0.030954361102948205,
                0,
                0.9051770619567572,
                -0.19524506799775787,
                0.37753628800978833,
                0,
                0.59881591796875,
                -0.167757034301758,
                2.5299699306488,
                1
            ],
            "children": [
                "Bip001_L_UpperArm"
            ],
            "jointName": "Bip001_L_Clavicle"
        },
        "Bip001_L_UpperArm": {
            "name": "Bip001_L_UpperArm",
            "matrix": [
                0.21750134652345746,
                0.7355746139201851,
                -0.6415787534691267,
                0,
                -0.49468427918501146,
                0.6497142571070924,
                0.577199314972458,
                0,
                0.8414159496560353,
                0.1918372774724509,
                0.5051908773416008,
                0,
                5.36752891540527,
                -0.0000019073486328125,
                -0.000003814697265625,
                1
            ],
            "children": [
                "Bip001_L_Forearm"
            ],
            "jointName": "Bip001_L_UpperArm"
        },
        "Bip001_L_Forearm": {
            "name": "Bip001_L_Forearm",
            "matrix": [
                0.39165060979133304,
                -0.9201138850335383,
                0,
                0,
                0.9201139193104493,
                0.3916506243814542,
                0,
                0,
                0,
                0,
                0.999999940395355,
                0,
                9.06727886199951,
                0,
                9.5367431640625e-7,
                1
            ],
            "children": [
                "Bip001_L_Hand"
            ],
            "jointName": "Bip001_L_Forearm"
        },
        "Bip001_L_Hand": {
            "name": "Bip001_L_Hand",
            "matrix": [
                0.9997457603028654,
                0.01913951461498936,
                -0.011927961938094138,
                0,
                -0.01075091582447599,
                -0.060464736791104416,
                -0.9981125266987518,
                0,
                -0.019824608561811386,
                0.9979869123011255,
                -0.06024359144577854,
                0,
                8.30050849914551,
                -4.76837158203125e-7,
                -9.5367431640625e-7,
                1
            ],
            "jointName": "Bip001_L_Hand"
        },
        "Bip001_R_Clavicle": {
            "name": "Bip001_R_Clavicle",
            "matrix": [
                -0.35128811838788065,
                0.22522484546022717,
                -0.908774134131754,
                0,
                -0.1958203561313784,
                -0.9668422526261129,
                -0.16392140454902104,
                0,
                -0.9155604585511258,
                0.12037283999592167,
                0.3837438280234993,
                0,
                0.598812103271484,
                -0.167743682861328,
                -2.52997159957886,
                1
            ],
            "children": [
                "Bip001_R_UpperArm"
            ],
            "jointName": "Bip001_R_Clavicle"
        },
        "Bip001_R_UpperArm": {
            "name": "Bip001_R_UpperArm",
            "matrix": [
                0.7239666814024436,
                -0.6117443458354994,
                0.3188116389639249,
                0,
                0.42652076040322046,
                0.7601830107703446,
                0.49010393625647725,
                0,
                -0.5421735478874363,
                -0.21883915553285477,
                0.8112689016127274,
                0,
                5.36752891540527,
                -9.5367431640625e-7,
                0.000003814697265625,
                1
            ],
            "children": [
                "Bip001_R_Forearm"
            ],
            "jointName": "Bip001_R_UpperArm"
        },
        "Bip001_R_Forearm": {
            "name": "Bip001_R_Forearm",
            "matrix": [
                0.38419155127767746,
                -0.9232534061279448,
                0,
                0,
                0.9232534989913945,
                0.3841915899207548,
                0,
                0,
                0,
                0,
                1,
                0,
                9.06727886199951,
                0,
                0,
                1
            ],
            "children": [
                "Bip001_R_Hand"
            ],
            "jointName": "Bip001_R_Forearm"
        },
        "Bip001_R_Hand": {
            "name": "Bip001_R_Hand",
            "matrix": [
                0.9997456193103994,
                0.01913947946786831,
                0.011927967661151603,
                0,
                -0.010750924614220756,
                -0.06046471030125472,
                0.9981124367665823,
                0,
                0.0198245744116076,
                -0.9979868138134452,
                -0.06024356461430999,
                0,
                8.30050277709961,
                -9.5367431640625e-7,
                0,
                1
            ],
            "jointName": "Bip001_R_Hand"
        },
        "Bip001_Head": {
            "name": "Bip001_Head",
            "matrix": [
                0.7800152525990706,
                -0.6228716520904539,
                0.060055877344264826,
                0,
                0.6256872561770257,
                0.7777899197683709,
                -0.059649630109972186,
                0,
                -0.009556795340785282,
                0.08410384457199535,
                0.9964111656294424,
                0,
                5.21332168579102,
                0.373029708862305,
                0,
                1
            ],
            "children": [
                "Bip001_HeadNub",
                "Bip001___1",
                "Bip001___2"
            ],
            "jointName": "Bip001_Head"
        },
        "Bip001_HeadNub": {
            "name": "Bip001_HeadNub",
            "matrix": [
                1,
                -2.561137344275862e-9,
                6.286427686222366e-9,
                0,
                2.56113721021255e-9,
                0.999999949708579,
                8.367351984213346e-10,
                0,
                -6.28642768836536e-9,
                -8.367352244015341e-10,
                1,
                0,
                93.0898208618164,
                -9.5367431640625e-7,
                0,
                1
            ]
        },
        "Bip001___1": {
            "name": "Bip001___1",
            "matrix": [
                -0.855035290046055,
                -0.5133126893404364,
                0.07365442387624256,
                0,
                0.510227080482901,
                -0.858125262928933,
                -0.057354691444856575,
                0,
                0.09264560172231359,
                -0.011459802209914726,
                0.9956332992525463,
                0,
                0.539073944091797,
                6.60260200500488,
                36.0820159912109,
                1
            ],
            "children": [
                "Bip001___1Nub"
            ],
            "jointName": "Bip001___1"
        },
        "Bip001___1Nub": {
            "name": "Bip001___1Nub",
            "matrix": [
                0.0007961726896623746,
                0.9999996327591871,
                0.0000027748937156308452,
                0,
                0.9999997743240333,
                -0.000796172802373022,
                -1.2246466996604007e-16,
                0,
                2.2092946928627844e-9,
                0.0000027748929756940172,
                -0.9999999999961505,
                0,
                21.1625061035156,
                -0.0000019073486328125,
                0,
                1
            ]
        },
        "Bip001___2": {
            "name": "Bip001___2",
            "matrix": [
                -0.8419178577721556,
                -0.5391636468104117,
                0.0218384975523175,
                0,
                0.5369372077274888,
                -0.8410879114250953,
                -0.06534341112973197,
                0,
                0.05359888374190815,
                -0.04328787927344593,
                0.997623873849975,
                0,
                2.81650161743164,
                7.68596267700195,
                -33.1844253540039,
                1
            ],
            "children": [
                "Bip001___2Nub"
            ],
            "jointName": "Bip001___2"
        },
        "Bip001___2Nub": {
            "name": "Bip001___2Nub",
            "matrix": [
                0.0007962850343187277,
                0.9999996233565015,
                0.0000027772037701217773,
                0,
                0.999999614047137,
                -0.0007962850269058885,
                -1.2246443859051166e-16,
                0,
                2.211445919974964e-9,
                0.0000027772030293205212,
                -0.9999999906829197,
                0,
                23.7185974121094,
                0,
                0,
                1
            ]
        },
        "Bip001_L_Thigh": {
            "name": "Bip001_L_Thigh",
            "matrix": [
                -0.6356586838876065,
                0.7625684369156304,
                0.12011418158705527,
                0,
                0.7716583223795465,
                0.6320866783945034,
                0.07078234363233644,
                0,
                -0.02194619472113067,
                0.13768053053706736,
                -0.9902337479770128,
                0,
                -2.41855621337891,
                0.836465358734131,
                2.92824769020081,
                1
            ],
            "children": [
                "Bip001_L_Calf"
            ],
            "jointName": "Bip001_L_Thigh"
        },
        "Bip001_L_Calf": {
            "name": "Bip001_L_Calf",
            "matrix": [
                0.9363330852010295,
                -0.35111302106005926,
                0,
                0,
                0.3511130001320923,
                0.9363330293912284,
                0,
                0,
                0,
                0,
                1,
                0,
                8.63856220245361,
                -9.5367431640625e-7,
                -4.76837158203125e-7,
                1
            ],
            "children": [
                "Bip001_L_Foot"
            ],
            "jointName": "Bip001_L_Calf"
        },
        "Bip001_L_Foot": {
            "name": "Bip001_L_Foot",
            "matrix": [
                0.9986146632343841,
                -0.022032096554974463,
                -0.04778431850167911,
                0,
                0.02665857101836927,
                0.9947847975894311,
                0.09845165433807236,
                0,
                0.04536600669166992,
                -0.09958910410262409,
                0.9939937984138912,
                0,
                8.63855838775635,
                0,
                7.15255737304688e-7,
                1
            ],
            "children": [
                "Bip001_L_Toe0"
            ],
            "jointName": "Bip001_L_Foot"
        },
        "Bip001_L_Toe0": {
            "name": "Bip001_L_Toe0",
            "matrix": [
                -0.043147881254595455,
                0.9990572731561628,
                -0.004777582758279359,
                0,
                -0.9990658558398195,
                -0.04313566171857706,
                0.0026327834776315724,
                0,
                0.002424217288279553,
                0.00488671883610784,
                0.9999852220484292,
                0,
                2.90266847610474,
                6.36788749694824,
                -2.38418579101562e-7,
                1
            ],
            "children": [
                "Bip001_L_Toe0Nub"
            ]
        },
        "Bip001_L_Toe0Nub": {
            "name": "Bip001_L_Toe0Nub",
            "matrix": [
                0.999999968335027,
                1.2246467603689454e-16,
                -5.564970869586286e-11,
                0,
                -1.2247014841280303e-16,
                1.00000001862645,
                -9.82254344268157e-11,
                0,
                -5.56497076593064e-11,
                -9.822542765732801e-11,
                -0.999999949708579,
                0,
                4.33517646789551,
                -4.76837158203125e-7,
                2.38418579101562e-7,
                1
            ]
        },
        "Bip001_R_Thigh": {
            "name": "Bip001_R_Thigh",
            "matrix": [
                -0.7751604551572047,
                -0.6315803203732168,
                0.01524809325111235,
                0,
                -0.6301295559250014,
                0.7711941117024107,
                -0.09053520444492621,
                0,
                0.04542101598272145,
                -0.07978758852693717,
                -0.9957766555285636,
                0,
                -2.47162437438965,
                0.466009140014648,
                -3.80189681053162,
                1
            ],
            "children": [
                "Bip001_R_Calf"
            ],
            "jointName": "Bip001_R_Thigh"
        },
        "Bip001_R_Calf": {
            "name": "Bip001_R_Calf",
            "matrix": [
                0.9988757478659905,
                -0.04740380908610105,
                0,
                0,
                0.0474038071435783,
                0.9988757069338609,
                0,
                0,
                0,
                0,
                0.999999949708579,
                0,
                8.63856029510498,
                -0.0000019073486328125,
                -9.5367431640625e-7,
                1
            ],
            "children": [
                "Bip001_R_Foot"
            ],
            "jointName": "Bip001_R_Calf"
        },
        "Bip001_R_Foot": {
            "name": "Bip001_R_Foot",
            "matrix": [
                0.902868617831364,
                -0.41892256430516017,
                0.09660240598445156,
                0,
                0.429916279043141,
                0.879959277903245,
                -0.20209765233674984,
                0,
                -0.00034291668493434434,
                0.22399859331781244,
                0.9745893269155016,
                0,
                8.6385612487793,
                0,
                0,
                1
            ],
            "children": [
                "Bip001_R_Toe0"
            ],
            "jointName": "Bip001_R_Foot"
        },
        "Bip001_R_Toe0": {
            "name": "Bip001_R_Toe0",
            "matrix": [
                0.45018280580864733,
                0.8929256350666771,
                -0.0044084162999260155,
                0,
                -0.8929071477602841,
                0.45020255996432534,
                0.005889112484262525,
                0,
                0.007243218418975024,
                0.001285128996063676,
                0.9999729417491248,
                0,
                2.90266609191895,
                6.36788845062256,
                0,
                1
            ],
            "children": [
                "Bip001_R_Toe0Nub"
            ]
        },
        "Bip001_R_Toe0Nub": {
            "name": "Bip001_R_Toe0Nub",
            "matrix": [
                1,
                0,
                0,
                0,
                0,
                1,
                8.881782513966595e-15,
                0,
                0,
                -8.881782513966595e-15,
                1,
                0,
                4.33517742156982,
                0,
                0,
                1
            ]
        },
        "body": {
            "name": "body",
            "matrix": [
                1,
                0,
                0,
                0,
                0,
                2.220446049250313e-16,
                -1,
                0,
                0,
                1,
                2.220446049250313e-16,
                0,
                -1.30516397689462e-7,
                33.8070259094238,
                -6.138512134552,
                1
            ],
            "skin": "skin_body",
            "meshes": [
                "mesh_Queen_C_1"
            ]
        }
    },
    "animations": {
        "animation_82": {
            "channels": [
                {
                    "sampler": "animation_82_T_sampler",
                    "target": {
                        "id": "Bip001",
                        "path": "translation"
                    }
                },
                {
                    "sampler": "animation_83_S_sampler",
                    "target": {
                        "id": "Bip001",
                        "path": "scale"
                    }
                },
                {
                    "sampler": "animation_84_R_sampler",
                    "target": {
                        "id": "Bip001",
                        "path": "rotation"
                    }
                }
            ],
            "parameters": {
                "TIME": "accessor_anim_6",
                "translation": "accessor_anim_7",
                "scale": "accessor_anim_8",
                "rotation": "accessor_anim_9"
            },
            "samplers": {
                "animation_82_T_sampler": {
                    "input": "TIME",
                    "interpolation": "LINEAR",
                    "output": "translation"
                },
                "animation_83_S_sampler": {
                    "input": "TIME",
                    "interpolation": "LINEAR",
                    "output": "scale"
                },
                "animation_84_R_sampler": {
                    "input": "TIME",
                    "interpolation": "LINEAR",
                    "output": "rotation"
                }
            },
            "name": "animation_82"
        },
        "animation_85": {
            "channels": [
                {
                    "sampler": "animation_85_T_sampler",
                    "target": {
                        "id": "Bip001_Footsteps",
                        "path": "translation"
                    }
                },
                {
                    "sampler": "animation_86_S_sampler",
                    "target": {
                        "id": "Bip001_Footsteps",
                        "path": "scale"
                    }
                },
                {
                    "sampler": "animation_87_R_sampler",
                    "target": {
                        "id": "Bip001_Footsteps",
                        "path": "rotation"
                    }
                }
            ],
            "parameters": {
                "TIME": "accessor_anim_10",
                "translation": "accessor_anim_11",
                "scale": "accessor_anim_12",
                "rotation": "accessor_anim_13"
            },
            "samplers": {
                "animation_85_T_sampler": {
                    "input": "TIME",
                    "interpolation": "LINEAR",
                    "output": "translation"
                },
                "animation_86_S_sampler": {
                    "input": "TIME",
                    "interpolation": "LINEAR",
                    "output": "scale"
                },
                "animation_87_R_sampler": {
                    "input": "TIME",
                    "interpolation": "LINEAR",
                    "output": "rotation"
                }
            },
            "name": "animation_85"
        },
        "animation_88": {
            "channels": [
                {
                    "sampler": "animation_88_T_sampler",
                    "target": {
                        "id": "Bip001_Pelvis",
                        "path": "translation"
                    }
                },
                {
                    "sampler": "animation_89_S_sampler",
                    "target": {
                        "id": "Bip001_Pelvis",
                        "path": "scale"
                    }
                },
                {
                    "sampler": "animation_90_R_sampler",
                    "target": {
                        "id": "Bip001_Pelvis",
                        "path": "rotation"
                    }
                }
            ],
            "parameters": {
                "TIME": "accessor_anim_14",
                "translation": "accessor_anim_15",
                "scale": "accessor_anim_16",
                "rotation": "accessor_anim_17"
            },
            "samplers": {
                "animation_88_T_sampler": {
                    "input": "TIME",
                    "interpolation": "LINEAR",
                    "output": "translation"
                },
                "animation_89_S_sampler": {
                    "input": "TIME",
                    "interpolation": "LINEAR",
                    "output": "scale"
                },
                "animation_90_R_sampler": {
                    "input": "TIME",
                    "interpolation": "LINEAR",
                    "output": "rotation"
                }
            },
            "name": "animation_88"
        },
        "animation_91": {
            "channels": [
                {
                    "sampler": "animation_91_T_sampler",
                    "target": {
                        "id": "Bip001_Spine",
                        "path": "translation"
                    }
                },
                {
                    "sampler": "animation_92_S_sampler",
                    "target": {
                        "id": "Bip001_Spine",
                        "path": "scale"
                    }
                },
                {
                    "sampler": "animation_93_R_sampler",
                    "target": {
                        "id": "Bip001_Spine",
                        "path": "rotation"
                    }
                }
            ],
            "parameters": {
                "TIME": "accessor_anim_18",
                "translation": "accessor_anim_19",
                "scale": "accessor_anim_20",
                "rotation": "accessor_anim_21"
            },
            "samplers": {
                "animation_91_T_sampler": {
                    "input": "TIME",
                    "interpolation": "LINEAR",
                    "output": "translation"
                },
                "animation_92_S_sampler": {
                    "input": "TIME",
                    "interpolation": "LINEAR",
                    "output": "scale"
                },
                "animation_93_R_sampler": {
                    "input": "TIME",
                    "interpolation": "LINEAR",
                    "output": "rotation"
                }
            },
            "name": "animation_91"
        },
        "animation_94": {
            "channels": [
                {
                    "sampler": "animation_94_T_sampler",
                    "target": {
                        "id": "Bip001_Spine1",
                        "path": "translation"
                    }
                },
                {
                    "sampler": "animation_95_S_sampler",
                    "target": {
                        "id": "Bip001_Spine1",
                        "path": "scale"
                    }
                },
                {
                    "sampler": "animation_96_R_sampler",
                    "target": {
                        "id": "Bip001_Spine1",
                        "path": "rotation"
                    }
                }
            ],
            "parameters": {
                "TIME": "accessor_anim_22",
                "translation": "accessor_anim_23",
                "scale": "accessor_anim_24",
                "rotation": "accessor_anim_25"
            },
            "samplers": {
                "animation_94_T_sampler": {
                    "input": "TIME",
                    "interpolation": "LINEAR",
                    "output": "translation"
                },
                "animation_95_S_sampler": {
                    "input": "TIME",
                    "interpolation": "LINEAR",
                    "output": "scale"
                },
                "animation_96_R_sampler": {
                    "input": "TIME",
                    "interpolation": "LINEAR",
                    "output": "rotation"
                }
            },
            "name": "animation_94"
        },
        "animation_97": {
            "channels": [
                {
                    "sampler": "animation_97_T_sampler",
                    "target": {
                        "id": "Bip001_Neck",
                        "path": "translation"
                    }
                },
                {
                    "sampler": "animation_98_S_sampler",
                    "target": {
                        "id": "Bip001_Neck",
                        "path": "scale"
                    }
                },
                {
                    "sampler": "animation_99_R_sampler",
                    "target": {
                        "id": "Bip001_Neck",
                        "path": "rotation"
                    }
                }
            ],
            "parameters": {
                "TIME": "accessor_anim_26",
                "translation": "accessor_anim_27",
                "scale": "accessor_anim_28",
                "rotation": "accessor_anim_29"
            },
            "samplers": {
                "animation_97_T_sampler": {
                    "input": "TIME",
                    "interpolation": "LINEAR",
                    "output": "translation"
                },
                "animation_98_S_sampler": {
                    "input": "TIME",
                    "interpolation": "LINEAR",
                    "output": "scale"
                },
                "animation_99_R_sampler": {
                    "input": "TIME",
                    "interpolation": "LINEAR",
                    "output": "rotation"
                }
            },
            "name": "animation_97"
        },
        "animation_100": {
            "channels": [
                {
                    "sampler": "animation_100_T_sampler",
                    "target": {
                        "id": "Bip001_L_Clavicle",
                        "path": "translation"
                    }
                },
                {
                    "sampler": "animation_101_S_sampler",
                    "target": {
                        "id": "Bip001_L_Clavicle",
                        "path": "scale"
                    }
                },
                {
                    "sampler": "animation_102_R_sampler",
                    "target": {
                        "id": "Bip001_L_Clavicle",
                        "path": "rotation"
                    }
                }
            ],
            "parameters": {
                "TIME": "accessor_anim_30",
                "translation": "accessor_anim_31",
                "scale": "accessor_anim_32",
                "rotation": "accessor_anim_33"
            },
            "samplers": {
                "animation_100_T_sampler": {
                    "input": "TIME",
                    "interpolation": "LINEAR",
                    "output": "translation"
                },
                "animation_101_S_sampler": {
                    "input": "TIME",
                    "interpolation": "LINEAR",
                    "output": "scale"
                },
                "animation_102_R_sampler": {
                    "input": "TIME",
                    "interpolation": "LINEAR",
                    "output": "rotation"
                }
            },
            "name": "animation_100"
        },
        "animation_103": {
            "channels": [
                {
                    "sampler": "animation_103_T_sampler",
                    "target": {
                        "id": "Bip001_L_UpperArm",
                        "path": "translation"
                    }
                },
                {
                    "sampler": "animation_104_S_sampler",
                    "target": {
                        "id": "Bip001_L_UpperArm",
                        "path": "scale"
                    }
                },
                {
                    "sampler": "animation_105_R_sampler",
                    "target": {
                        "id": "Bip001_L_UpperArm",
                        "path": "rotation"
                    }
                }
            ],
            "parameters": {
                "TIME": "accessor_anim_34",
                "translation": "accessor_anim_35",
                "scale": "accessor_anim_36",
                "rotation": "accessor_anim_37"
            },
            "samplers": {
                "animation_103_T_sampler": {
                    "input": "TIME",
                    "interpolation": "LINEAR",
                    "output": "translation"
                },
                "animation_104_S_sampler": {
                    "input": "TIME",
                    "interpolation": "LINEAR",
                    "output": "scale"
                },
                "animation_105_R_sampler": {
                    "input": "TIME",
                    "interpolation": "LINEAR",
                    "output": "rotation"
                }
            },
            "name": "animation_103"
        },
        "animation_106": {
            "channels": [
                {
                    "sampler": "animation_106_T_sampler",
                    "target": {
                        "id": "Bip001_L_Forearm",
                        "path": "translation"
                    }
                },
                {
                    "sampler": "animation_107_S_sampler",
                    "target": {
                        "id": "Bip001_L_Forearm",
                        "path": "scale"
                    }
                },
                {
                    "sampler": "animation_108_R_sampler",
                    "target": {
                        "id": "Bip001_L_Forearm",
                        "path": "rotation"
                    }
                }
            ],
            "parameters": {
                "TIME": "accessor_anim_38",
                "translation": "accessor_anim_39",
                "scale": "accessor_anim_40",
                "rotation": "accessor_anim_41"
            },
            "samplers": {
                "animation_106_T_sampler": {
                    "input": "TIME",
                    "interpolation": "LINEAR",
                    "output": "translation"
                },
                "animation_107_S_sampler": {
                    "input": "TIME",
                    "interpolation": "LINEAR",
                    "output": "scale"
                },
                "animation_108_R_sampler": {
                    "input": "TIME",
                    "interpolation": "LINEAR",
                    "output": "rotation"
                }
            },
            "name": "animation_106"
        },
        "animation_109": {
            "channels": [
                {
                    "sampler": "animation_109_T_sampler",
                    "target": {
                        "id": "Bip001_L_Hand",
                        "path": "translation"
                    }
                },
                {
                    "sampler": "animation_110_S_sampler",
                    "target": {
                        "id": "Bip001_L_Hand",
                        "path": "scale"
                    }
                },
                {
                    "sampler": "animation_111_R_sampler",
                    "target": {
                        "id": "Bip001_L_Hand",
                        "path": "rotation"
                    }
                }
            ],
            "parameters": {
                "TIME": "accessor_anim_42",
                "translation": "accessor_anim_43",
                "scale": "accessor_anim_44",
                "rotation": "accessor_anim_45"
            },
            "samplers": {
                "animation_109_T_sampler": {
                    "input": "TIME",
                    "interpolation": "LINEAR",
                    "output": "translation"
                },
                "animation_110_S_sampler": {
                    "input": "TIME",
                    "interpolation": "LINEAR",
                    "output": "scale"
                },
                "animation_111_R_sampler": {
                    "input": "TIME",
                    "interpolation": "LINEAR",
                    "output": "rotation"
                }
            },
            "name": "animation_109"
        },
        "animation_112": {
            "channels": [
                {
                    "sampler": "animation_112_T_sampler",
                    "target": {
                        "id": "Bip001_R_Clavicle",
                        "path": "translation"
                    }
                },
                {
                    "sampler": "animation_113_S_sampler",
                    "target": {
                        "id": "Bip001_R_Clavicle",
                        "path": "scale"
                    }
                },
                {
                    "sampler": "animation_114_R_sampler",
                    "target": {
                        "id": "Bip001_R_Clavicle",
                        "path": "rotation"
                    }
                }
            ],
            "parameters": {
