{
    "asset": {
        "generator": "tmx:FBX2GLTF",
        "premultipliedAlpha": true,
        "profile": {
            "api": "WebGL",
            "version": "1.0.2"
        },
        "version": "1.0"
    },
    "scene": "test",
    "scenes": {
        "test": {
            "nodes": [
                "RootNode"
            ]
        }
    },
    "nodes": {
        "RootNode": {
            "name": "RootNode",
            "children": [
                "rootbone",
                "body",
                "Camera001",
                "Camera001_Target",
                "Camera002",
                "Camera002_Target"
            ]
        },
        "rootbone": {
            "name": "rootbone",
            "matrix": [
                0.314774751663208,
                0,
                0,
                0,
                0,
                4.191479338848825e-8,
                -0.31477475166320523,
                0,
                0,
                0.31477475166320523,
                4.191479338848825e-8,
                0,
                0,
                0,
                0,
                1
            ],
            "children": [
                "Bip001"
            ]
        },
        "Bip001": {
            "name": "Bip001",
            "matrix": [
                -0.07088872175147351,
                -3.172684528633881,
                -0.14690951712911504,
                0,
                3.1749284458560294,
                -0.07475060530070968,
                0.08231917169684774,
                0,
                -0.08566730764620863,
                -0.1449826283536647,
                3.172408411251343,
                0,
                2.36227425878536e-7,
                5.18660610702187,
                60.9058108186981,
                1
            ],
            "children": [
                "Bip001_Footsteps",
                "Bip001_Pelvis"
            ],
            "jointName": "Bip001"
        },
        "Bip001_Footsteps": {
            "name": "Bip001_Footsteps",
            "matrix": [
                -0.022316772814519433,
                0.9993862713555772,
                -0.027001886635987255,
                0,
                -0.9986871872964953,
                -0.02353045780213107,
                -0.045498354654107925,
                0,
                -0.04610579776464514,
                0.02595106177194083,
                0.9985993882437499,
                0,
                0.944307513632631,
                -0.525507082261625,
                -20.4328499253789,
                1
            ]
        },
        "Bip001_Pelvis": {
            "name": "Bip001_Pelvis",
            "matrix": [
                5.551115123125783e-17,
                -5.551115123125783e-17,
                1,
                0,
                1.0000000596037937,
                0.00000133158062613906,
                -1.665334636199467e-16,
                0,
                -0.0000013315806261945712,
                1.0000000596037937,
                0,
                0,
                0,
                0,
                0,
                1
            ],
            "children": [
                "Bip001_Spine"
            ],
            "jointName": "Bip001_Pelvis"
        },
        "Bip001_Spine": {
            "name": "Bip001_Spine",
            "matrix": [
                0.9418349778526782,
                0.3360572322884714,
                0.003539820506923147,
                0,
                -0.3326393259528667,
                0.9336549247819688,
                -0.13281400626439446,
                0,
                -0.04793807534615547,
                0.12391138575543588,
                0.9911346575578285,
                0,
                2.84884619717858,
                -0.00686930120833268,
                0.000980978677163736,
                1
            ],
            "children": [
                "Bip001_Spine1",
                "Bip001_L_Thigh",
                "Bip001_R_Thigh"
            ],
            "jointName": "Bip001_Spine"
        },
        "Bip001_Spine1": {
            "name": "Bip001_Spine1",
            "matrix": [
                0.985214694301202,
                0.17124535902297658,
                0.005193605818478109,
                0,
                -0.16917659787994938,
                0.9772029143670369,
                -0.12827191149169165,
                0,
                -0.027041176277848567,
                0.12549673550461798,
                0.9917253777905998,
                0,
                9.24348056313194,
                -0.00990521911611203,
                0.00130010000887615,
                1
            ],
            "children": [
                "Bip001_Neck"
            ],
            "jointName": "Bip001_Spine1"
        },
        "Bip001_Neck": {
            "name": "Bip001_Neck",
            "matrix": [
                0.9618319267555682,
                0.2736406867841823,
                7.65547111074001e-7,
                0,
                -0.27364067862906516,
                0.9618318980910988,
                -1.1362135982467453e-7,
                0,
                -7.674191722126194e-7,
                -1.0020019448704957e-7,
                0.9999999999997006,
                0,
                11.8188849687593,
                -0.0026062726979544,
                2.38418419229509e-7,
                1
            ],
            "children": [
                "Bip001_L_Clavicle",
                "Bip001_R_Clavicle",
                "Bip001_Head"
            ],
            "jointName": "Bip001_Neck"
        },
        "Bip001_L_Clavicle": {
            "name": "Bip001_L_Clavicle",
            "matrix": [
                -0.33776951158289037,
                0.18534371314457795,
                0.9227998291328388,
                0,
                -0.2731437850680283,
                -0.9575309826666739,
                0.09234148318402152,
                0,
                0.9007242868774628,
                -0.22086688735087523,
                0.37405023339255095,
                0,
                0.517564892767658,
                -0.144232034684553,
                3.24018728733071,
                1
            ],
            "children": [
                "Bip001_L_UpperArm"
            ]
        },
        "Bip001_L_UpperArm": {
            "name": "Bip001_L_UpperArm",
            "matrix": [
                0.9777376459384615,
                -0.18199053507876836,
                -0.10444367502044336,
                0,
                0.15549828970243987,
                0.9626381928633488,
                -0.22169373186846245,
                0,
                0.14088763566280718,
                0.20051750065634164,
                0.9695068464209428,
                0,
                5.95465511083636,
                -0.00000107288480558951,
                0.00000238418481899349,
                1
            ],
            "children": [
                "Bip001_L_Forearm"
            ],
            "jointName": "Bip001_L_UpperArm"
        },
        "Bip001_L_Forearm": {
            "name": "Bip001_L_Forearm",
            "matrix": [
                0.11472776157246298,
                -0.9933969403616506,
                0,
                0,
                0.9933969403616506,
                0.11472776157246298,
                0,
                0,
                0,
                0,
                0.999999940395395,
                0,
                8.81092947721563,
                0.00000119209299948383,
                0.00000190734991178893,
                1
            ],
            "children": [
                "Bip001_L_Hand"
            ],
            "jointName": "Bip001_L_Forearm"
        },
        "Bip001_L_Hand": {
            "name": "Bip001_L_Hand",
            "matrix": [
                0.9715986914892095,
                -0.07389107109456028,
                -0.22480207538985966,
                0,
                -0.2243533148042873,
                0.014426611244210817,
                -0.9744010791374241,
                0,
                0.07524267380411805,
                0.997161933982076,
                -0.002560830203324165,
                0,
                8.06583267450305,
                7.15256161024809e-7,
                -0.00000214576843120486,
                1
            ],
            "jointName": "Bip001_L_Hand"
        },
        "Bip001_R_Clavicle": {
            "name": "Bip001_R_Clavicle",
            "matrix": [
                -0.39918266897206905,
                0.07323441121296144,
                -0.9139420315402886,
                0,
                -0.2741416989240969,
                -0.9607385985615983,
                0.04275269996280018,
                0,
                -0.8749283655891916,
                0.2676157421703573,
                0.4035867798122705,
                0,
                0.664310574529295,
                -0.186091661452761,
                -2.80671334266647,
                1
            ],
            "children": [
                "Bip001_R_UpperArm"
            ]
        },
        "Bip001_R_UpperArm": {
            "name": "Bip001_R_UpperArm",
            "matrix": [
                0.7071218231502996,
                0.6426374668541935,
                0.2949504260298988,
                0,
                -0.49704082213320955,
                0.7484387472739806,
                -0.43907842433016187,
                0,
                -0.5029205587393782,
                0.16387952879186296,
                0.8486544010555899,
                0,
                5.95465493202193,
                0.00000172853505399434,
                0.00000238418481899349,
                1
            ],
            "children": [
                "Bip001_R_Forearm"
            ],
            "jointName": "Bip001_R_UpperArm"
        },
        "Bip001_R_Forearm": {
            "name": "Bip001_R_Forearm",
            "matrix": [
                0.27834251884658673,
                -0.9604818181479394,
                0,
                0,
                0.9604818467725497,
                0.27834252714184643,
                0,
                0,
                0,
                0,
                1,
                0,
                8.81093114614488,
                -1.17239503881868e-12,
                -0.00000107288304320739,
                1
            ],
            "children": [
                "Bip001_R_Hand"
            ],
            "jointName": "Bip001_R_Forearm"
        },
        "Bip001_R_Hand": {
            "name": "Bip001_R_Hand",
            "matrix": [
                0.9695849232049832,
                -0.014545719015829864,
                0.2443225301766077,
                0,
                -0.24153317163683202,
                -0.21830210602391226,
                0.9455188615277521,
                0,
                0.03958287002302897,
                -0.9757727992787466,
                -0.21517569793955546,
                0,
                8.06582987308373,
                5.96046204748372e-7,
                0.00000107288304320739,
                1
            ],
            "jointName": "Bip001_R_Hand"
        },
        "Bip001_Head": {
            "name": "Bip001_Head",
            "matrix": [
                0.721696225705322,
                -0.6810051005521759,
                -0.12404229768642311,
                0,
                0.686681334226482,
                0.6817405428299628,
                0.2523860073301402,
                0,
                -0.08731149233912362,
                -0.26732355141997427,
                0.959643039133325,
                0,
                5.64278042316211,
                0.373030424118414,
                1.19209369486808e-7,
                1
            ],
            "children": [
                "Bip001_HeadNub"
            ],
            "jointName": "Bip001_Head"
        },
        "Bip001_HeadNub": {
            "name": "Bip001_HeadNub",
            "matrix": [
                1.00000005960468,
                1.8626440329951042e-9,
                -1.862646282969741e-9,
                0,
                -1.8626440332117945e-9,
                1.0000000596046,
                -1.1641488555635908e-10,
                0,
                1.8626461717304723e-9,
                1.1641488208694338e-10,
                1,
                0,
                103.272416114808,
                5.36441521603695e-7,
                1.19209209614754e-7,
                1
            ]
        },
        "Bip001_L_Thigh": {
            "name": "Bip001_L_Thigh",
            "matrix": [
                -0.9961856541972589,
                -0.07783444364915394,
                -0.03944316087131638,
                0,
                -0.07886523341344433,
                0.9965645088987832,
                0.02528626024715294,
                0,
                0.037339516696051386,
                0.028300507168875846,
                -0.9989018178914734,
                0,
                -2.66399205755361,
                0.32962059983345,
                4.80006273786138,
                1
            ],
            "children": [
                "Bip001_L_Calf"
            ],
            "jointName": "Bip001_L_Thigh"
        },
        "Bip001_L_Calf": {
            "name": "Bip001_L_Calf",
            "matrix": [
                0.9718218518038312,
                -0.23571679525637576,
                0,
                0,
                0.23571679525637576,
                0.9718218518038312,
                0,
                0,
                0,
                0,
                0.999999970197698,
                0,
                9.58347666263615,
                0.00000102817959456088,
                -3.57627788716317e-7,
                1
            ],
            "children": [
                "Bip001_L_Foot"
            ],
            "jointName": "Bip001_L_Calf"
        },
        "Bip001_L_Foot": {
            "name": "Bip001_L_Foot",
            "matrix": [
                0.9993511502453012,
                -0.025292275403454356,
                0.025645633501101602,
                0,
                0.027514757753297328,
                0.9955275323035209,
                -0.09037594219058731,
                0,
                -0.023245118242947047,
                0.09102292432510041,
                0.9955773766570695,
                0,
                9.58347594737935,
                5.96046298539819e-8,
                -4.47036332099303e-8,
                1
            ],
            "children": [
                "Bip001_L_Toe0"
            ],
            "jointName": "Bip001_L_Foot"
        },
        "Bip001_L_Toe0": {
            "name": "Bip001_L_Toe0",
            "matrix": [
                0.16513417332441507,
                0.9838191201273374,
                0.06950240332283565,
                0,
                -0.9830409577301775,
                0.15848547356481416,
                0.09226467628073098,
                0,
                0.07975663608669911,
                -0.08355976515224603,
                0.9933059169499774,
                0,
                3.22017455101004,
                7.06443563103694,
                -5.96049495980891e-8,
                1
            ],
            "children": [
                "Bip001_L_Toe0Nub"
            ]
        },
        "Bip001_L_Toe0Nub": {
            "name": "Bip001_L_Toe0Nub",
            "matrix": [
                1,
                1.2246467991473532e-16,
                -2.2409951998402182e-9,
                0,
                -1.3583510457638036e-16,
                1.00000005960468,
                -5.966285587372201e-9,
                0,
                -2.2409953334140193e-9,
                -5.966285587372201e-9,
                -1.00000005960468,
                0,
                4.80937170982377,
                -9.23871833317485e-7,
                1.19209209614754e-7,
                1
            ]
        },
        "Bip001_R_Thigh": {
            "name": "Bip001_R_Thigh",
            "matrix": [
                -0.17352540220565968,
                0.9735492980816749,
                0.14862960202733236,
                0,
                0.9846455327195315,
                0.17442147949364922,
                0.007085420060260911,
                0,
                -0.019026188788853843,
                0.1475769696337084,
                -0.9888674951502331,
                0,
                -2.69731483598203,
                1.57940134533097,
                -4.52808127710875,
                1
            ],
            "children": [
                "Bip001_R_Calf"
            ],
            "jointName": "Bip001_R_Thigh"
        },
        "Bip001_R_Calf": {
            "name": "Bip001_R_Calf",
            "matrix": [
                0.04991559247083732,
                -0.9987534398580489,
                0,
                0,
                0.9987534993884282,
                0.04991559544604024,
                0,
                0,
                0,
                0,
                1,
                0,
                9.58347553014778,
                4.76837424656537e-7,
                -4.02331142150162e-7,
                1
            ],
            "children": [
                "Bip001_R_Foot"
            ],
            "jointName": "Bip001_R_Calf"
        },
        "Bip001_R_Foot": {
            "name": "Bip001_R_Foot",
            "matrix": [
                0.49615003529495727,
                -0.8588076650336675,
                -0.12760994686021482,
                0,
                0.867574913886066,
                0.4961253373973539,
                0.03425345499216702,
                0,
                0.03389340531083243,
                -0.1277060682031312,
                0.9912327964837795,
                0,
                9.58347660303141,
                -4.47032633726137e-8,
                0,
                1
            ],
            "children": [
                "Bip001_R_Toe0"
            ],
            "jointName": "Bip001_R_Foot"
        },
        "Bip001_R_Toe0": {
            "name": "Bip001_R_Toe0",
            "matrix": [
                -0.125712927193099,
                0.991867712873746,
                0.0198670605562594,
                0,
                -0.9917339554101134,
                -0.12512696724480485,
                -0.02840781150612778,
                0,
                -0.025690885990859877,
                -0.02327406768741838,
                0.999398967455083,
                0,
                3.22017467021934,
                7.06443613767577,
                0,
                1
            ],
            "children": [
                "Bip001_R_Toe0Nub"
            ]
        },
        "Bip001_R_Toe0Nub": {
            "name": "Bip001_R_Toe0Nub",
            "matrix": [
                0.9999999701976579,
                -1.1175857954742035e-8,
                4.656616221189097e-10,
                0,
                1.1175858954239505e-8,
                1.0000000596045997,
                -6.402862154829901e-10,
                0,
                -4.656616288409695e-10,
                6.40286182523157e-10,
                1,
                0,
                4.80937194824219,
                -5.9604683144677e-8,
                -1.19209369486808e-7,
                1
            ]
        },
        "body": {
            "name": "body",
            "matrix": [
                1,
                0,
                0,
                0,
                0,
                2.220446049250313e-16,
                -1,
                0,
                0,
                1,
                2.220446049250313e-16,
                0,
                0,
                0,
                0,
                1
            ],
            "skin": "skin_body",
            "meshes": [
                "mesh_soldier_1"
            ]
        },
        "Camera001": {
            "name": "Camera001",
            "matrix": [
                0.8141153250430848,
                -3.725290076417309e-9,
                -0.5807032267260036,
                0,
                -0.36544798756599817,
                0.7771465078229377,
                -0.5123388271081692,
                0,
                0.4512914866402361,
                0.6293197163434596,
                0.6326868804609694,
                0,
                -106.589401245117,
                -74.0718078613281,
                -141.212142944336,
                1
            ]
        },
        "Camera001_Target": {
            "name": "Camera001_Target",
            "matrix": [
                0.8141152404488464,
                -1.415610234034581e-7,
                -0.5807033453226327,
                0,
                -0.36544832838860614,
                0.7771459383224925,
                -0.5123393315152953,
                0,
                0.4512913994122292,
                0.629320437437054,
                0.6326864138411549,
                0,
                -388.195495605469,
                -466.767608642578,
                -536.009094238281,
                1
            ]
        },
        "Camera002": {
            "name": "Camera002",
            "matrix": [
                -0.7431445586873633,
                -2.775557230690645e-17,
                0.669130724503664,
                0,
                0.45205832675806545,
                0.7372775125907397,
                0.5020613662431381,
                0,
                -0.49333497735000253,
                0.6755902076156602,
                -0.5479037064091659,
                0,
                -229.748138427734,
                373.636932373047,
                -243.438323974609,
                1
            ]
        },
        "Camera002_Target": {
            "name": "Camera002_Target",
            "matrix": [
                -0.7431448134720247,
                -1.49011627731395e-7,
                0.6691304415366573,
                0,
                0.45205801791891215,
                0.7372775619250098,
                0.502061571875756,
                0,
                -0.4933347883337276,
                0.6755900329718113,
                -0.5479037655839092,
                0,
                -81.7885437011719,
                171.015838623047,
                -79.1126098632812,
                1
            ]
        }
    },
    "animations": {
        "animation_76": {
            "channels": [
                {
                    "sampler": "animation_76_T_sampler",
                    "target": {
                        "id": "Bip001",
                        "path": "translation"
                    }
                },
                {
                    "sampler": "animation_77_S_sampler",
                    "target": {
                        "id": "Bip001",
                        "path": "scale"
                    }
                },
                {
                    "sampler": "animation_78_R_sampler",
                    "target": {
                        "id": "Bip001",
                        "path": "rotation"
                    }
                }
            ],
            "parameters": {
                "TIME": "accessor_anim_6",
                "translation": "accessor_anim_7",
                "scale": "accessor_anim_8",
                "rotation": "accessor_anim_9"
            },
            "samplers": {
                "animation_76_T_sampler": {
                    "input": "TIME",
                    "interpolation": "LINEAR",
                    "output": "translation"
                },
                "animation_77_S_sampler": {
                    "input": "TIME",
                    "interpolation": "LINEAR",
                    "output": "scale"
                },
                "animation_78_R_sampler": {
                    "input": "TIME",
                    "interpolation": "LINEAR",
                    "output": "rotation"
                }
            },
            "name": "animation_76"
        },
        "animation_79": {
            "channels": [
                {
                    "sampler": "animation_79_T_sampler",
                    "target": {
                        "id": "Bip001_Footsteps",
                        "path": "translation"
                    }
                },
                {
                    "sampler": "animation_80_S_sampler",
                    "target": {
                        "id": "Bip001_Footsteps",
                        "path": "scale"
                    }
                },
                {
                    "sampler": "animation_81_R_sampler",
                    "target": {
                        "id": "Bip001_Footsteps",
                        "path": "rotation"
                    }
                }
            ],
            "parameters": {
                "TIME": "accessor_anim_10",
                "translation": "accessor_anim_11",
                "scale": "accessor_anim_12",
                "rotation": "accessor_anim_13"
            },
            "samplers": {
                "animation_79_T_sampler": {
                    "input": "TIME",
                    "interpolation": "LINEAR",
                    "output": "translation"
                },
                "animation_80_S_sampler": {
                    "input": "TIME",
                    "interpolation": "LINEAR",
                    "output": "scale"
                },
                "animation_81_R_sampler": {
                    "input": "TIME",
                    "interpolation": "LINEAR",
                    "output": "rotation"
                }
            },
            "name": "animation_79"
        },
        "animation_82": {
            "channels": [
                {
                    "sampler": "animation_82_T_sampler",
                    "target": {
                        "id": "Bip001_Pelvis",
                        "path": "translation"
                    }
                },
                {
                    "sampler": "animation_83_S_sampler",
                    "target": {
                        "id": "Bip001_Pelvis",
                        "path": "scale"
                    }
                },
                {
                    "sampler": "animation_84_R_sampler",
                    "target": {
                        "id": "Bip001_Pelvis",
                        "path": "rotation"
                    }
                }
            ],
            "parameters": {
                "TIME": "accessor_anim_14",
                "translation": "accessor_anim_15",
                "scale": "accessor_anim_16",
                "rotation": "accessor_anim_17"
            },
            "samplers": {
                "animation_82_T_sampler": {
                    "input": "TIME",
                    "interpolation": "LINEAR",
                    "output": "translation"
                },
                "animation_83_S_sampler": {
                    "input": "TIME",
                    "interpolation": "LINEAR",
                    "output": "scale"
                },
                "animation_84_R_sampler": {
                    "input": "TIME",
                    "interpolation": "LINEAR",
                    "output": "rotation"
                }
            },
            "name": "animation_82"
        },
        "animation_85": {
            "channels": [
                {
                    "sampler": "animation_85_T_sampler",
                    "target": {
                        "id": "Bip001_Spine",
                        "path": "translation"
                    }
                },
                {
                    "sampler": "animation_86_S_sampler",
                    "target": {
                        "id": "Bip001_Spine",
                        "path": "scale"
                    }
                },
                {
                    "sampler": "animation_87_R_sampler",
                    "target": {
                        "id": "Bip001_Spine",
                        "path": "rotation"
                    }
                }
            ],
            "parameters": {
                "TIME": "accessor_anim_18",
                "translation": "accessor_anim_19",
                "scale": "accessor_anim_20",
                "rotation": "accessor_anim_21"
            },
            "samplers": {
                "animation_85_T_sampler": {
                    "input": "TIME",
                    "interpolation": "LINEAR",
                    "output": "translation"
                },
                "animation_86_S_sampler": {
                    "input": "TIME",
                    "interpolation": "LINEAR",
                    "output": "scale"
                },
                "animation_87_R_sampler": {
                    "input": "TIME",
                    "interpolation": "LINEAR",
                    "output": "rotation"
                }
            },
            "name": "animation_85"
        },
        "animation_88": {
            "channels": [
                {
                    "sampler": "animation_88_T_sampler",
                    "target": {
                        "id": "Bip001_Spine1",
                        "path": "translation"
                    }
                },
                {
                    "sampler": "animation_89_S_sampler",
                    "target": {
                        "id": "Bip001_Spine1",
                        "path": "scale"
                    }
                },
                {
                    "sampler": "animation_90_R_sampler",
                    "target": {
                        "id": "Bip001_Spine1",
                        "path": "rotation"
                    }
                }
            ],
            "parameters": {
                "TIME": "accessor_anim_22",
                "translation": "accessor_anim_23",
                "scale": "accessor_anim_24",
                "rotation": "accessor_anim_25"
            },
            "samplers": {
                "animation_88_T_sampler": {
                    "input": "TIME",
                    "interpolation": "LINEAR",
                    "output": "translation"
                },
                "animation_89_S_sampler": {
                    "input": "TIME",
                    "interpolation": "LINEAR",
                    "output": "scale"
                },
                "animation_90_R_sampler": {
                    "input": "TIME",
                    "interpolation": "LINEAR",
                    "output": "rotation"
                }
            },
            "name": "animation_88"
        },
        "animation_91": {
            "channels": [
                {
                    "sampler": "animation_91_T_sampler",
                    "target": {
                        "id": "Bip001_Neck",
                        "path": "translation"
                    }
                },
                {
                    "sampler": "animation_92_S_sampler",
                    "target": {
                        "id": "Bip001_Neck",
                        "path": "scale"
                    }
                },
                {
                    "sampler": "animation_93_R_sampler",
                    "target": {
                        "id": "Bip001_Neck",
                        "path": "rotation"
                    }
                }
            ],
            "parameters": {
                "TIME": "accessor_anim_26",
                "translation": "accessor_anim_27",
                "scale": "accessor_anim_28",
                "rotation": "accessor_anim_29"
            },
            "samplers": {
                "animation_91_T_sampler": {
                    "input": "TIME",
                    "interpolation": "LINEAR",
                    "output": "translation"
                },
                "animation_92_S_sampler": {
                    "input": "TIME",
                    "interpolation": "LINEAR",
                    "output": "scale"
                },
                "animation_93_R_sampler": {
                    "input": "TIME",
                    "interpolation": "LINEAR",
                    "output": "rotation"
                }
            },
            "name": "animation_91"
        },
        "animation_94": {
            "channels": [
                {
                    "sampler": "animation_94_T_sampler",
                    "target": {
                        "id": "Bip001_L_Clavicle",
                        "path": "translation"
                    }
                },
                {
                    "sampler": "animation_95_S_sampler",
                    "target": {
                        "id": "Bip001_L_Clavicle",
                        "path": "scale"
                    }
                },
                {
                    "sampler": "animation_96_R_sampler",
                    "target": {
                        "id": "Bip001_L_Clavicle",
                        "path": "rotation"
                    }
                }
            ],
            "parameters": {
                "TIME": "accessor_anim_30",
                "translation": "accessor_anim_31",
                "scale": "accessor_anim_32",
                "rotation": "accessor_anim_33"
            },
            "samplers": {
                "animation_94_T_sampler": {
                    "input": "TIME",
                    "interpolation": "LINEAR",
                    "output": "translation"
                },
                "animation_95_S_sampler": {
                    "input": "TIME",
                    "interpolation": "LINEAR",
                    "output": "scale"
                },
                "animation_96_R_sampler": {
                    "input": "TIME",
                    "interpolation": "LINEAR",
                    "output": "rotation"
                }
            },
            "name": "animation_94"
        },
        "animation_97": {
            "channels": [
                {
                    "sampler": "animation_97_T_sampler",
                    "target": {
                        "id": "Bip001_L_UpperArm",
                        "path": "translation"
                    }
                },
                {
                    "sampler": "animation_98_S_sampler",
                    "target": {
                        "id": "Bip001_L_UpperArm",
                        "path": "scale"
                    }
                },
                {
                    "sampler": "animation_99_R_sampler",
                    "target": {
                        "id": "Bip001_L_UpperArm",
                        "path": "rotation"
                    }
                }
            ],
            "parameters": {
                "TIME": "accessor_anim_34",
                "translation": "accessor_anim_35",
                "scale": "accessor_anim_36",
                "rotation": "accessor_anim_37"
            },
            "samplers": {
                "animation_97_T_sampler": {
                    "input": "TIME",
                    "interpolation": "LINEAR",
                    "output": "translation"
                },
                "animation_98_S_sampler": {
                    "input": "TIME",
                    "interpolation": "LINEAR",
                    "output": "scale"
                },
                "animation_99_R_sampler": {
                    "input": "TIME",
                    "interpolation": "LINEAR",
                    "output": "rotation"
                }
            },
            "name": "animation_97"
        },
        "animation_100": {
            "channels": [
                {
                    "sampler": "animation_100_T_sampler",
                    "target": {
                        "id": "Bip001_L_Forearm",
                        "path": "translation"
                    }
                },
                {
                    "sampler": "animation_101_S_sampler",
                    "target": {
                        "id": "Bip001_L_Forearm",
                        "path": "scale"
                    }
                },
                {
                    "sampler": "animation_102_R_sampler",
                    "target": {
                        "id": "Bip001_L_Forearm",
                        "path": "rotation"
                    }
                }
            ],
            "parameters": {
                "TIME": "accessor_anim_38",
                "translation": "accessor_anim_39",
                "scale": "accessor_anim_40",
                "rotation": "accessor_anim_41"
            },
            "samplers": {
                "animation_100_T_sampler": {
                    "input": "TIME",
                    "interpolation": "LINEAR",
                    "output": "translation"
                },
                "animation_101_S_sampler": {
                    "input": "TIME",
                    "interpolation": "LINEAR",
                    "output": "scale"
                },
                "animation_102_R_sampler": {
                    "input": "TIME",
                    "interpolation": "LINEAR",
                    "output": "rotation"
                }
            },
            "name": "animation_100"
        },
        "animation_103": {
            "channels": [
                {
                    "sampler": "animation_103_T_sampler",
                    "target": {
                        "id": "Bip001_L_Hand",
                        "path": "translation"
                    }
                },
                {
                    "sampler": "animation_104_S_sampler",
                    "target": {
                        "id": "Bip001_L_Hand",
                        "path": "scale"
                    }
                },
                {
                    "sampler": "animation_105_R_sampler",
                    "target": {
                        "id": "Bip001_L_Hand",
                        "path": "rotation"
                    }
                }
            ],
            "parameters": {
                "TIME": "accessor_anim_42",
                "translation": "accessor_anim_43",
                "scale": "accessor_anim_44",
                "rotation": "accessor_anim_45"
            },
            "samplers": {
                "animation_103_T_sampler": {
                    "input": "TIME",
                    "interpolation": "LINEAR",
                    "output": "translation"
                },
                "animation_104_S_sampler": {
                    "input": "TIME",
                    "interpolation": "LINEAR",
                    "output": "scale"
                },
                "animation_105_R_sampler": {
                    "input": "TIME",
                    "interpolation": "LINEAR",
                    "output": "rotation"
                }
            },
            "name": "animation_103"
        },
        "animation_106": {
            "channels": [
                {
                    "sampler": "animation_106_T_sampler",
                    "target": {
                        "id": "Bip001_R_Clavicle",
                        "path": "translation"
                    }
                },
                {
                    "sampler": "animation_107_S_sampler",
                    "target": {
                        "id": "Bip001_R_Clavicle",
                        "path": "scale"
                    }
                },
                {
                    "sampler": "animation_108_R_sampler",
                    "target": {
                        "id": "Bip001_R_Clavicle",
